85074
70183
81295
65758
87219
56385
98108
57618
97168
82769
65500
56863
87719
44145
59868
52363
23459
89862
41885
69917
68022
59656
30815
19429
35239
31613
58681
60644
96116
11849
33483
11272
48263
61597
51683
84767
74269
23680
52386
94258
98417
32539
12084
23644
45528
45811
85163
35984
24756
73872
67856
20470
21816
67735
46678
30125
57250
69866
14638
63328
64459
10884
42059
88052
59082
21467
34905
69153
55639
71238
84631
50656
89981
26940
14985
87160
19520
94323
93999
94162
92907
79428
77674
94875
34223
19448
65279
95617
88983
63231
47722
40576
24796
20808
72018
99534
72252
28131
54221
46138
36080
64087
66218
31938
64939
73936
92240
58419
74099
63887
36491
35637
50117
97993
15343
77760
45786
41328
50918
26240
16317
89346
22722
23832
78136
90634
66136
94781
28926
68848
31294
81377
45269
11414
51794
30150
97235
66998
72888
61212
58270
41292
12175
98144
72511
74046
45994
62475
25116
60355
35780
72473
24765
29254
85981
75259
58009
11575
99512
29518
94912
17164
90315
21391
26103
99487
99089
54073
44938
59279
87663
77443
47529
52210
67051
61360
19999
25821
91460
57445
30543
18779
69054
49551
34454
92710
24357
90518
27014
11310
69456
11699
79505
44187
15825
81956
86902
18765
62488
90994
72991
63746
91257
61463
22389
92686
30071
83534
73342
53912
25434
81035
43117
14870
27938
48560
65683
75170
68889
44587
21588
78770
88305
20878
97986
82317
51825
18907
98645
92978
66481
67582
52209
95432
54136
65304
79809
73918
95572
55169
71235
39956
60088
86463
52898
16048
87434
59377
78853
17641
97202
40016
71714
59833
23777
76881
34438
72512
22039
85579
83131
45042
54750
67625
43368
15465
29147
18462
39492
66594
30130
98376
45113
14617
92039
15004
45484
31797
15033
56364
77654
90849
18291
97536
76016
97062
97580
26250
68306
54193
65909
58856
92835
29806
46504
34038
99250
14357
52879
28219
91706
34589
64723
37915
11217
30246
84368
52497
84033
33830
53715
55547
46073
43261
91150
31085
81857
11552
18210
83949
58211
89407
94922
67294
32256
19136
59610
31017
96557
64903
27671
19715
14587
40045
85526
61861
48001
69050
11610
50419
61316
95935
62246
91120
37886
59776
89415
51359
33388
47123
49917
23615
34106
92340
47753
93760
88830
19480
89452
46983
61137
98921
15288
20723
74420
14659
86793
77519
94705
99595
98140
41775
65565
28711
63041
13800
46147
88403
75790
45060
98348
38499
40559
65100
72355
53161
16793
71118
36962
88064
83878
17554
55095
16999
59694
71709
84701
26929
46624
67716
71479
92756
82097
10315
18958
24973
95048
49101
40516
62246
36108
27706
21418
99233
60778
42033
65580
65573
56391
80013
72458
17274
96269
93616
90680
52165
54990
71256
62890
65381
25146
14632
77045
78976
37914
39173
42818
90990
81741
53533
79665
48773
84790
31187
62018
32250
33900
43799
17562
14378
68985
54216
55312
49626
28653
12298
67955
78434
11651
53961
98209
72907
95583
30072
15885
68676
22114
46759
13004
53992
54979
26691
86833
27165
49214
10174
20099
34386
58037
97133
92179
49484
25459
64028
13821
20466
65742
59045
66921
81309
79049
39861
79639
20275
97595
68672
96119
97729
88127
23665
