487.3
665.37
435.39
967.76
458.2
136.45
758.69
339.37
225.28
553.38
951.92
659.34
873.15
309.72
253.0
835.47
977.4
711.13
969.91
327.16
758.26
537.74
745.71
896.44
599.84
420.34
632.1
758.8
805.95
538.98
463.44
869.8
418.74
454.4
106.49
161.57
863.11
332.81
213.7
189.67
711.5
210.54
460.91
978.58
800.62
609.27
675.77
427.74
520.79
829.17
281.68
700.36
823.6
239.14
358.7
980.35
468.37
939.61
306.81
180.76
194.94
530.47
849.17
116.59
805.87
805.27
309.1
161.32
540.17
949.3
545.55
584.18
138.0
911.47
349.5
889.28
651.11
942.18
531.32
456.7
577.8
588.74
416.67
975.49
124.75
130.67
281.45
492.16
135.24
611.55
812.41
940.5
133.15
594.25
701.37
402.55
238.8
542.3
597.86
139.97
491.91
113.94
502.98
642.4
294.5
639.33
706.25
245.7
974.44
402.35
897.22
611.87
874.3
355.84
731.14
377.85
138.35
252.3
608.99
452.17
354.11
841.46
711.6
957.86
943.97
349.79
561.72
326.15
585.0
101.3
707.93
456.45
404.93
144.44
350.85
323.32
720.85
713.74
781.38
475.12
807.43
345.73
252.17
829.49
881.81
306.41
610.86
124.6
226.85
734.82
988.98
486.94
790.1
979.81
613.98
319.94
254.56
340.54
455.55
594.88
799.65
976.92
874.7
740.27
693.17
369.97
649.15
414.35
302.87
654.78
492.4
763.43
423.6
950.56
263.34
654.23
304.32
303.87
973.9
496.11
731.85
126.18
293.29
764.8
179.1
541.45
829.64
945.44
776.85
780.73
845.0
110.77
829.22
931.21
325.9
239.16
956.66
295.77
173.56
412.39
620.22
802.56
876.73
864.78
173.92
331.14
922.96
678.84
954.91
747.55
709.97
679.32
714.13
913.23
976.76
557.17
781.89
734.48
840.47
464.73
866.95
121.22
324.43
855.43
748.54
964.47
193.44
537.55
943.45
482.13
112.65
258.55
484.74
628.25
262.79
930.37
817.49
219.12
868.55
649.4
528.13
230.29
744.54
326.94
591.49
877.31
208.61
839.85
817.21
994.86
914.32
993.47
664.83
613.15
389.48
300.16
850.67
957.98
927.71
215.67
407.44
264.27
422.58
523.99
306.54
933.6
422.21
649.18
859.82
925.9
973.16
358.47
557.9
241.84
640.6
560.65
182.88
348.97
691.77
991.79
291.53
486.76
170.2
557.44
851.78
864.8
588.81
418.8
711.32
316.2
487.19
908.54
724.4
234.67
980.11
930.0
248.97
770.79
692.47
511.22
438.18
596.98
844.73
587.76
846.2
576.89
607.59
232.81
187.3
736.92
991.29
269.37
454.77
362.94
937.69
784.79
590.59
630.74
760.5
973.77
632.24
122.94
472.37
271.65
961.17
922.19
192.13
302.19
866.21
846.41
796.16
182.99
199.45
346.46
118.73
612.19
496.29
818.0
158.37
668.6
209.98
857.58
765.76
489.25
171.68
244.21
181.54
466.42
391.48
689.2
669.76
214.7
510.72
796.17
694.17
658.12
877.38
830.92
870.8
323.72
391.88
636.0
895.12
719.11
662.24
480.96
807.72
901.96
108.59
819.42
468.34
265.89
261.85
418.97
667.21
955.41
438.95
373.38
775.42
356.23
122.97
407.98
888.19
546.36
978.32
619.46
780.64
337.84
671.22
840.1
653.31
876.37
644.3
702.39
838.65
966.58
338.43
753.81
559.43
423.25
574.72
933.41
250.39
937.4
907.4
936.74
292.4
780.74
321.27
847.9
663.69
917.54
506.21
387.79
492.94
396.57
286.8
535.4
379.1
562.58
119.97
977.47
635.7
544.76
820.6
807.32
507.12
167.93
936.96
573.2
716.69
258.28
667.4
415.18
934.87
717.33
989.16
215.66
255.41
437.23
767.4
977.99
983.17
403.53
142.72
866.95
799.25
154.74
452.28
627.33
892.35
496.7
376.62
945.86
710.56
834.63
274.4
503.39
613.73
938.36
410.38
214.51
730.62
654.12
142.92
319.46
553.72
472.13
422.93
321.92
971.45
202.74
889.32
564.37
671.47
918.99
738.33
574.7
375.99
375.25
163.59
677.31
312.7
255.93
536.15
381.0
678.48
422.62
835.69
894.7
681.46
715.19
858.41
433.61
454.46
255.53
545.76
142.55
966.0
899.66
