294.38
969.53
988.49
531.6
587.45
647.99
400.69
496.34
934.7
648.1
189.1
440.9
247.1
211.38
108.76
561.28
331.84
905.27
408.75
579.21
884.42
31.87
728.65
726.78
893.69
380.38
887.48
174.58
401.35
828.1
821.97
506.85
452.24
844.36
994.54
22.14
353.48
416.88
210.94
37.24
256.25
967.41
347.48
826.69
340.75
636.4
262.13
345.66
798.12
281.52
733.45
65.47
423.88
691.54
58.99
104.49
950.31
303.85
784.85
282.37
813.39
234.64
751.1
900.52
51.87
125.44
360.35
780.87
229.2
936.25
602.5
82.91
236.71
803.2
678.99
824.87
993.48
284.55
532.94
786.6
113.52
798.2
485.6
794.47
131.58
950.3
998.12
738.17
195.7
151.64
901.76
904.38
207.52
223.14
463.82
788.76
225.15
473.84
485.65
147.0
380.9
551.56
734.15
26.61
907.44
616.64
67.16
482.8
403.64
900.42
594.88
275.67
200.84
359.56
252.13
289.71
298.53
332.26
33.66
378.63
911.55
615.25
91.65
493.8
280.4
673.93
529.95
516.72
485.39
318.52
181.58
269.66
552.4
461.34
573.47
270.15
112.31
563.28
823.37
772.59
121.21
601.55
906.78
25.15
676.62
882.6
165.87
78.21
169.29
473.14
924.42
837.17
672.69
622.86
818.82
917.48
522.59
908.66
578.9
773.74
273.9
813.6
719.47
148.23
689.57
141.18
229.45
293.48
512.17
676.83
19.49
452.7
100.69
371.86
989.11
56.42
713.6
998.85
428.5
686.69
334.99
128.4
451.93
557.83
183.14
379.81
924.83
89.41
843.38
576.3
358.3
113.77
78.8
127.8
898.23
77.26
87.87
796.34
693.68
381.93
917.89
91.7
231.37
39.43
616.18
448.15
391.16
673.8
673.26
99.82
987.6
49.87
447.87
366.58
401.62
393.38
321.0
482.55
435.52
68.82
38.9
948.17
27.46
920.33
15.49
830.5
330.61
73.38
811.5
317.5
26.3
413.37
158.8
525.84
556.83
535.7
720.83
661.1
873.96
672.34
803.28
794.83
772.54
716.92
534.45
114.39
507.53
313.23
639.3
790.69
331.1
168.48
792.69
898.17
655.16
578.85
472.49
881.42
575.89
117.52
124.99
412.48
266.16
471.73
794.72
764.3
278.6
788.22
812.35
14.85
408.99
4.94
837.0
234.56
957.98
114.1
253.87
32.31
987.75
905.62
866.73
35.35
72.3
284.96
296.7
821.62
476.32
747.67
183.41
983.85
257.58
81.74
94.6
242.62
428.18
943.11
510.26
529.96
951.37
362.41
736.32
522.91
639.96
433.42
236.25
443.18
678.5
648.42
875.43
968.64
114.53
992.68
329.73
683.37
807.8
61.85
407.5
125.71
252.34
350.13
589.2
346.79
425.74
587.54
452.82
183.78
826.67
196.1
226.76
185.56
985.2
244.9
485.98
745.26
285.82
69.6
813.84
167.69
942.23
585.22
144.81
800.46
318.74
801.92
766.21
189.85
90.62
866.57
531.99
749.83
491.19
94.75
271.65
394.28
691.72
456.38
556.1
701.3
53.9
962.79
615.37
299.3
230.27
845.39
778.44
497.89
499.54
850.71
467.79
604.8
822.27
380.7
250.75
215.92
428.6
291.49
88.25
904.46
344.95
339.93
69.18
998.48
479.17
801.95
901.23
892.41
35.81
624.1
750.9
332.27
704.14
722.34
936.24
735.77
548.78
564.99
59.84
109.74
105.98
698.77
544.57
356.93
987.18
625.95
159.21
300.44
259.72
354.98
418.68
754.33
321.42
412.7
309.3
646.91
35.97
104.62
839.65
130.46
289.82
335.1
263.72
79.42
386.28
601.46
119.6
860.28
445.17
388.32
674.14
649.4
419.89
564.54
667.34
612.4
979.89
93.93
344.76
526.11
170.51
747.13
989.63
267.17
328.52
398.26
607.96
853.0
667.34
154.91
420.71
557.8
222.69
364.92
664.65
352.88
974.89
999.71
537.99
528.82
16.77
700.54
956.73
2.38
333.5
12.58
227.66
360.68
105.78
587.89
750.2
562.33
396.24
587.45
19.63
514.65
616.11
308.59
838.8
672.4
486.31
362.99
125.73
282.27
641.4
293.13
615.74
548.27
116.81
143.61
865.99
650.85
848.29
234.82
853.98
273.7
558.69
138.34
925.89
474.67
134.76
374.68
