11
95
79
18
44
71
88
33
75
9
65
93
99
39
77
63
48
19
51
62
97
64
10
85
37
89
26
3
83
3
42
2
33
32
31
83
56
90
18
55
87
75
66
32
9
61
39
77
78
17
21
86
25
9
24
6
21
87
45
65
28
52
84
60
39
31
42
47
36
14
71
100
81
93
50
98
13
39
68
35
37
88
30
20
59
55
51
51
61
39
84
54
13
26
54
80
56
4
39
82
60
8
40
44
7
41
45
100
24
5
51
33
55
83
66
45
92
73
87
14
15
92
81
69
50
15
99
79
11
92
86
78
18
77
81
12
52
84
56
84
89
66
59
54
90
34
19
34
46
34
93
70
49
81
10
100
31
9
50
63
63
42
6
68
5
57
6
15
82
36
44
82
71
85
73
81
11
60
15
65
16
42
3
32
100
81
52
73
18
86
39
16
100
94
58
45
7
24
36
88
57
83
48
67
79
61
13
97
8
43
58
76
82
35
13
4
33
13
26
28
83
5
1
43
15
79
57
66
64
98
2
98
12
73
21
59
79
10
12
30
67
28
96
35
10
84
25
86
46
32
56
35
37
87
42
65
29
20
67
54
53
92
40
76
64
46
53
76
90
68
33
23
28
97
30
90
40
19
36
60
72
50
96
3
67
35
65
32
47
100
76
36
44
98
95
78
43
69
96
34
87
65
71
47
39
65
44
99
1
61
96
82
6
10
65
72
69
17
43
35
22
19
81
70
44
99
98
92
10
86
96
8
68
3
62
94
60
19
55
84
51
98
83
21
40
59
34
76
51
35
90
38
82
44
82
54
78
22
76
2
94
98
52
91
60
34
48
16
38
29
22
12
25
66
65
69
34
78
41
73
74
30
35
53
24
42
56
69
7
94
2
34
79
91
13
48
52
86
44
26
1
41
29
94
11
53
17
43
11
37
98
31
70
25
79
44
90
44
34
24
47
21
35
43
56
56
67
83
100
67
100
31
21
52
31
12
76
84
51
16
12
63
22
43
4
48
78
12
18
55
99
83
32
34
39
39
13
13
41
80
48
16
10
15
66
94
100
45
71
82
61
98
99
81
74
93
23
91
94
55
10
93
33
46
46
68
88
59
89
73
47
24
55
19
17
57
95
19
90
7
